gain:  [1.9943415551349999, 2.019424694940416, 1.0887718251855472, 0.9385176494115688, 2.441254223649452]
sharpe:  [1.4938131946238555, 1.2975583814950913, 1.274829926901653, 1.1265888645327082, 1.2032184891625712]
drawdown10:  -0.7707482103705252
drawdown30:  -1.277310710078564
